1.000000 0.103361 0.033951 -0.071695 -0.058571 0.182831 -0.157235 -0.028719 -0.028759 0.150046 0.071958 0.088667 0.024148 0.086775 0.200597 0.222326 0.009350 -0.062621 0.069525 0.071847 -0.304092 0.102470 0.035010 0.138140 0.036966 -0.095178 -0.158254 -0.054793 0.106388 0.058679 -0.050675 -0.057858 -0.104578 -0.115221 0.028613 0.049001 -0.004778 -0.085445 0.068168 -0.024005 0.059638 0.001998 -0.154622 -0.113135 0.058396 -0.123365 0.051500 -0.043469
0.103361 1.000000 0.075002 -0.086783 -0.052907 -0.042626 -0.106899 -0.039529 -0.021070 0.001520 -0.100744 0.188172 -0.112941 0.121274 -0.127994 -0.052512 -0.070329 0.024279 0.105030 -0.036618 0.014197 0.108743 -0.207074 -0.011677 0.065129 0.113708 -0.050540 -0.032342 -0.021274 -0.056845 0.121673 0.085390 -0.006965 0.065873 -0.040688 0.072944 0.028570 -0.018843 0.164941 -0.035524 0.153343 0.008663 -0.044168 -0.027982 0.060625 0.103684 -0.056063 0.004575
0.033951 0.075002 1.000000 0.030900 -0.116741 -0.052486 0.029626 0.170376 -0.042208 0.160046 -0.103427 0.040805 0.120058 -0.012846 0.141624 -0.158914 -0.110428 -0.067075 -0.235382 0.052890 0.076633 -0.094353 0.055587 0.032998 -0.033519 -0.071852 0.069803 0.036158 -0.148655 -0.092757 0.145924 0.120114 -0.073975 0.212310 -0.003799 -0.033980 0.059276 0.023479 -0.131563 0.003259 -0.016747 0.111828 -0.010792 0.112357 -0.127802 -0.015411 0.173764 0.219732
-0.071695 -0.086783 0.030900 1.000000 -0.010396 0.120687 0.002976 -0.030916 0.060975 -0.056483 0.134369 0.030009 -0.025463 -0.006697 -0.004721 -0.105798 -0.056179 -0.097421 -0.028011 0.115308 -0.087432 -0.129004 -0.293771 -0.020456 0.023296 0.119511 0.106552 -0.005386 -0.083577 -0.067293 -0.094952 0.150999 -0.115050 -0.075671 0.046330 -0.002944 -0.126414 0.053230 0.170750 0.040680 0.108341 -0.136514 0.031576 0.031805 -0.149429 -0.057140 -0.072380 0.010542
-0.058571 -0.052907 -0.116741 -0.010396 1.000000 0.002112 0.018200 -0.019737 0.045084 0.085928 0.005109 -0.130518 -0.138046 -0.004114 -0.015577 -0.154228 -0.028873 -0.063686 0.003220 -0.038439 -0.104598 0.081902 0.028213 0.037499 0.009202 -0.152449 -0.198137 -0.094037 -0.192587 -0.040922 0.124997 -0.048842 0.139117 -0.084466 0.040100 -0.035516 0.198386 -0.180550 -0.093515 -0.011992 -0.004632 0.142292 -0.006441 0.055804 -0.113320 -0.071789 0.084311 0.002108
0.182831 -0.042626 -0.052486 0.120687 0.002112 1.000000 -0.077294 0.130334 -0.080092 -0.079768 0.189016 0.041999 0.058053 -0.125206 0.136738 0.153635 0.010058 -0.022874 -0.068316 0.024820 -0.050852 0.106742 -0.042450 0.107990 0.028920 -0.096737 -0.012598 -0.045902 0.106330 -0.004012 0.076015 0.141161 0.094038 -0.042130 -0.020520 0.093612 0.047081 0.116783 0.086897 -0.229770 -0.116183 0.018462 -0.099217 0.114680 -0.186542 0.011557 0.052844 -0.119909
-0.157235 -0.106899 0.029626 0.002976 0.018200 -0.077294 1.000000 -0.110828 0.083293 0.086568 -0.051041 0.036727 0.082515 -0.040323 0.085214 0.109076 0.148053 -0.026834 0.063484 -0.098823 0.024808 -0.110580 -0.003912 0.080508 0.015761 0.086439 -0.186506 -0.030718 -0.044827 0.036205 -0.140647 0.151700 0.056784 -0.135458 -0.005410 -0.111318 -0.299598 0.021688 -0.161829 0.049609 -0.066801 0.041211 0.033242 0.034768 0.088155 0.042316 -0.307348 0.109087
-0.028719 -0.039529 0.170376 -0.030916 -0.019737 0.130334 -0.110828 1.000000 0.088959 0.011789 -0.113048 0.052515 -0.114806 -0.044234 0.099238 -0.075707 0.066949 -0.139898 -0.025926 -0.002120 -0.193666 0.047415 0.070186 -0.137800 0.055982 -0.037175 0.090124 -0.029739 0.029919 0.030188 0.045323 0.014112 0.051229 0.055638 0.119184 0.220217 -0.121349 0.001397 0.061670 -0.156033 0.100165 -0.075471 -0.114039 -0.115823 -0.143722 0.049364 -0.055851 0.160395
-0.028759 -0.021070 -0.042208 0.060975 0.045084 -0.080092 0.083293 0.088959 1.000000 0.041917 -0.176240 -0.020370 -0.002604 0.184355 0.068190 0.053253 -0.163824 0.024457 0.085800 0.190209 0.034432 -0.051363 0.090463 0.073437 -0.021817 -0.010364 -0.069900 -0.029783 -0.061358 -0.131869 -0.061960 0.066118 -0.040387 -0.264149 -0.179710 0.206202 -0.038143 -0.220554 -0.188461 -0.130562 0.077528 -0.075514 0.067241 0.024090 -0.074056 -0.103074 0.112623 0.013506
0.150046 0.001520 0.160046 -0.056483 0.085928 -0.079768 0.086568 0.011789 0.041917 1.000000 -0.146070 0.006251 -0.128562 0.292353 -0.080910 -0.039431 0.115825 -0.082508 -0.142977 0.142271 -0.228456 -0.011296 0.190882 -0.063818 0.017640 0.175343 0.190911 0.140466 -0.066470 -0.019902 0.074222 -0.117561 0.017837 0.071479 0.000273 -0.091052 -0.069523 0.058254 0.234510 0.147691 -0.084998 0.119066 -0.057887 0.032646 -0.005585 -0.084568 -0.014732 -0.080198
0.071958 -0.100744 -0.103427 0.134369 0.005109 0.189016 -0.051041 -0.113048 -0.176240 -0.146070 1.000000 -0.042607 -0.127911 0.134891 0.030000 -0.011950 0.012081 0.081176 -0.021620 0.188525 -0.039703 0.018630 -0.098919 0.038759 -0.012645 0.035747 -0.014957 -0.005458 -0.155687 -0.036750 -0.026458 -0.000782 -0.023876 -0.010628 0.112989 -0.114811 -0.120124 0.006172 -0.019596 0.024754 -0.054688 -0.152302 -0.008926 0.143911 -0.096932 0.068887 0.118189 0.125431
0.088667 0.188172 0.040805 0.030009 -0.130518 0.041999 0.036727 0.052515 -0.020370 0.006251 -0.042607 1.000000 0.079291 0.039617 0.032471 -0.040796 -0.098084 -0.123713 -0.102953 -0.005754 0.039893 0.028445 -0.023644 -0.155046 -0.062188 0.041565 -0.070072 0.076069 -0.027035 -0.026284 -0.130410 -0.101797 0.065306 0.020643 0.075176 -0.103215 0.038160 -0.040857 0.012474 0.075256 -0.047913 0.021406 0.022084 -0.006045 -0.096505 -0.009817 -0.004102 -0.130739
0.024148 -0.112941 0.120058 -0.025463 -0.138046 0.058053 0.082515 -0.114806 -0.002604 -0.128562 -0.127911 0.079291 1.000000 0.074246 0.009013 -0.040702 -0.117378 -0.056775 -0.129224 -0.003365 0.178302 -0.012272 0.173523 -0.024077 0.004042 -0.175549 -0.047448 0.069631 -0.187815 0.110947 0.033778 -0.053124 0.032012 0.037752 0.100232 0.052989 0.227394 0.070164 0.111246 -0.121609 -0.034474 -0.025244 -0.174771 -0.088899 -0.116537 0.007445 0.042575 -0.019032
0.086775 0.121274 -0.012846 -0.006697 -0.004114 -0.125206 -0.040323 -0.044234 0.184355 0.292353 0.134891 0.039617 0.074246 1.000000 -0.010007 -0.030219 -0.002799 0.009442 0.071130 0.084123 -0.009469 0.029713 0.009717 -0.026561 -0.041763 0.032929 -0.082604 -0.121499 0.078015 -0.032503 -0.014007 0.164613 -0.025168 0.025212 -0.161987 -0.143619 0.073380 -0.065642 -0.002595 -0.153024 0.129235 0.037499 0.101570 0.014811 -0.194984 -0.073764 0.089895 0.052614
0.200597 -0.127994 0.141624 -0.004721 -0.015577 0.136738 0.085214 0.099238 0.068190 -0.080910 0.030000 0.032471 0.009013 -0.010007 1.000000 0.024019 -0.096239 0.117455 0.142592 0.027246 -0.006343 0.042243 0.018120 -0.127234 -0.004163 -0.159592 0.037672 -0.111706 -0.016012 0.002271 -0.024722 0.031325 -0.125745 0.213810 -0.043308 0.219636 0.027083 0.083220 0.087131 0.152254 0.028108 -0.030605 0.079153 0.130679 -0.004622 0.014089 -0.240666 0.085943
0.222326 -0.052512 -0.158914 -0.105798 -0.154228 0.153635 0.109076 -0.075707 0.053253 -0.039431 -0.011950 -0.040796 -0.040702 -0.030219 0.024019 1.000000 -0.048510 -0.068194 0.064583 0.190171 -0.125590 -0.016610 0.224411 -0.141340 0.181795 0.031257 0.033703 -0.005855 -0.105122 0.100470 0.104834 0.057610 0.065762 0.116396 -0.055814 0.182405 0.006782 -0.068946 -0.000422 -0.163116 -0.180748 -0.060546 -0.047391 0.060103 0.049189 -0.133513 -0.187474 0.052607
0.009350 -0.070329 -0.110428 -0.056179 -0.028873 0.010058 0.148053 0.066949 -0.163824 0.115825 0.012081 -0.098084 -0.117378 -0.002799 -0.096239 -0.048510 1.000000 -0.181828 -0.128125 -0.125889 0.086439 -0.038108 -0.025994 -0.140001 -0.126352 0.105176 -0.043505 0.091669 0.011397 -0.022040 -0.030100 -0.019392 -0.028419 0.154579 0.049829 0.019956 -0.238363 0.012816 0.050817 -0.046405 0.155002 0.054102 0.102107 -0.096429 -0.127560 -0.180632 0.015219 -0.039665
-0.062621 0.024279 -0.067075 -0.097421 -0.063686 -0.022874 -0.026834 -0.139898 0.024457 -0.082508 0.081176 -0.123713 -0.056775 0.009442 0.117455 -0.068194 -0.181828 1.000000 0.150272 -0.016593 -0.045629 -0.028352 -0.045053 -0.041021 -0.157672 -0.060308 0.237857 0.009977 0.067630 0.021283 -0.046048 -0.159078 0.188629 -0.180362 -0.080176 -0.082613 -0.008816 0.043924 0.083993 0.096162 -0.019657 0.060223 -0.016212 -0.005614 -0.012148 0.116339 -0.003866 0.039932
0.069525 0.105030 -0.235382 -0.028011 0.003220 -0.068316 0.063484 -0.025926 0.085800 -0.142977 -0.021620 -0.102953 -0.129224 0.071130 0.142592 0.064583 -0.128125 0.150272 1.000000 0.056156 -0.166526 0.121952 -0.106726 -0.014657 -0.074194 -0.045745 -0.010837 0.068345 0.060080 0.111427 0.069993 0.118924 -0.040235 -0.028905 0.094823 -0.142986 -0.084118 -0.049605 0.067345 0.256773 -0.030308 -0.015001 0.266725 -0.029937 0.004751 0.116332 -0.099839 -0.053564
0.071847 -0.036618 0.052890 0.115308 -0.038439 0.024820 -0.098823 -0.002120 0.190209 0.142271 0.188525 -0.005754 -0.003365 0.084123 0.027246 0.190171 -0.125889 -0.016593 0.056156 1.000000 -0.014883 0.002226 0.241052 -0.026306 0.036191 -0.042204 0.127690 -0.112369 -0.052928 0.176402 -0.018630 -0.086121 0.086539 0.112213 -0.133537 -0.003474 0.001919 -0.091478 0.004692 0.020786 -0.036732 0.054514 -0.092676 0.165592 -0.160032 0.087149 0.006138 0.048640
-0.304092 0.014197 0.076633 -0.087432 -0.104598 -0.050852 0.024808 -0.193666 0.034432 -0.228456 -0.039703 0.039893 0.178302 -0.009469 -0.006343 -0.125590 0.086439 -0.045629 -0.166526 -0.014883 1.000000 0.031486 0.239956 0.033056 -0.098525 -0.166875 -0.025586 0.087986 -0.029752 -0.064531 0.033718 0.024469 -0.097866 0.177104 -0.040615 -0.051426 0.192770 -0.083894 0.168426 0.000904 0.051059 0.202525 0.168038 -0.058821 -0.168114 0.079278 -0.121502 -0.022915
0.102470 0.108743 -0.094353 -0.129004 0.081902 0.106742 -0.110580 0.047415 -0.051363 -0.011296 0.018630 0.028445 -0.012272 0.029713 0.042243 -0.016610 -0.038108 -0.028352 0.121952 0.002226 0.031486 1.000000 0.128438 0.019112 -0.136884 -0.024959 0.116499 0.063231 0.036815 0.129931 0.045656 -0.047997 -0.082764 0.145801 -0.051549 0.071067 -0.184235 -0.087730 -0.039873 0.026559 0.019901 0.127438 -0.020000 0.078506 0.112871 0.033415 -0.102257 0.002620
0.035010 -0.207074 0.055587 -0.293771 0.028213 -0.042450 -0.003912 0.070186 0.090463 0.190882 -0.098919 -0.023644 0.173523 0.009717 0.018120 0.224411 -0.025994 -0.045053 -0.106726 0.241052 0.239956 0.128438 1.000000 -0.043026 0.190027 0.106991 0.011938 0.110952 -0.033456 -0.060616 -0.018510 -0.120524 -0.056815 0.038977 0.012756 -0.059890 -0.121517 0.016685 0.092867 -0.017522 -0.014275 0.184284 0.066440 0.091767 0.006387 -0.082993 0.054467 0.028305
0.138140 -0.011677 0.032998 -0.020456 0.037499 0.107990 0.080508 -0.137800 0.073437 -0.063818 0.038759 -0.155046 -0.024077 -0.026561 -0.127234 -0.141340 -0.140001 -0.041021 -0.014657 -0.026306 0.033056 0.019112 -0.043026 1.000000 -0.067400 0.009199 -0.205750 0.047551 0.031695 0.001718 0.231889 0.079051 0.056327 -0.098341 -0.069519 0.047574 0.189420 -0.005048 -0.126922 -0.023936 -0.129138 -0.036070 -0.104682 0.161011 -0.123791 -0.059504 -0.060410 -0.004996
0.036966 0.065129 -0.033519 0.023296 0.009202 0.028920 0.015761 0.055982 -0.021817 0.017640 -0.012645 -0.062188 0.004042 -0.041763 -0.004163 0.181795 -0.126352 -0.157672 -0.074194 0.036191 -0.098525 -0.136884 0.190027 -0.067400 1.000000 0.106668 -0.098122 -0.166187 0.172327 -0.035852 -0.092000 0.118869 0.003795 0.027476 -0.117549 -0.113215 0.067923 0.082855 -0.046947 -0.049653 0.055684 0.004666 -0.085620 0.146705 0.060425 -0.029439 0.024643 0.112955
-0.095178 0.113708 -0.071852 0.119511 -0.152449 -0.096737 0.086439 -0.037175 -0.010364 0.175343 0.035747 0.041565 -0.175549 0.032929 -0.159592 0.031257 0.105176 -0.060308 -0.045745 -0.042204 -0.166875 -0.024959 0.106991 0.009199 0.106668 1.000000 -0.058066 0.115899 0.057948 0.135738 0.019586 0.052270 -0.099651 -0.068314 -0.119999 0.029383 0.187136 0.114980 0.135523 0.048300 -0.103928 0.021967 -0.100354 -0.011226 0.024189 -0.126733 -0.007503 0.075435
-0.158254 -0.050540 0.069803 0.106552 -0.198137 -0.012598 -0.186506 0.090124 -0.069900 0.190911 -0.014957 -0.070072 -0.047448 -0.082604 0.037672 0.033703 -0.043505 0.237857 -0.010837 0.127690 -0.025586 0.116499 0.011938 -0.205750 -0.098122 -0.058066 1.000000 -0.183250 0.111238 0.147397 0.088109 -0.217650 -0.141518 0.096649 0.062706 0.011677 0.087533 0.097015 -0.035382 0.003866 0.050173 0.082221 0.022141 -0.059268 -0.049261 -0.006037 0.001066 -0.040980
-0.054793 -0.032342 0.036158 -0.005386 -0.094037 -0.045902 -0.030718 -0.029739 -0.029783 0.140466 -0.005458 0.076069 0.069631 -0.121499 -0.111706 -0.005855 0.091669 0.009977 0.068345 -0.112369 0.087986 0.063231 0.110952 0.047551 -0.166187 0.115899 -0.183250 1.000000 -0.103778 -0.065087 -0.104447 0.050796 0.064978 0.030994 -0.023886 -0.233444 -0.093418 0.010472 0.042552 -0.044002 -0.066604 -0.086737 0.025212 -0.186949 -0.103712 0.112330 0.089832 0.029292
0.106388 -0.021274 -0.148655 -0.083577 -0.192587 0.106330 -0.044827 0.029919 -0.061358 -0.066470 -0.155687 -0.027035 -0.187815 0.078015 -0.016012 -0.105122 0.011397 0.067630 0.060080 -0.052928 -0.029752 0.036815 -0.033456 0.031695 0.172327 0.057948 0.111238 -0.103778 1.000000 -0.044761 0.041502 -0.014506 0.042027 -0.024758 -0.073479 0.017798 -0.077122 -0.091628 0.048874 -0.091159 -0.060578 0.035801 -0.084909 0.122337 -0.101101 0.094405 -0.241340 -0.105521
0.058679 -0.056845 -0.092757 -0.067293 -0.040922 -0.004012 0.036205 0.030188 -0.131869 -0.019902 -0.036750 -0.026284 0.110947 -0.032503 0.002271 0.100470 -0.022040 0.021283 0.111427 0.176402 -0.064531 0.129931 -0.060616 0.001718 -0.035852 0.135738 0.147397 -0.065087 -0.044761 1.000000 -0.193238 -0.173235 -0.098665 0.037281 -0.105336 0.036060 0.105142 0.146664 -0.102706 0.057312 0.023078 0.005705 -0.057788 0.095065 -0.084845 0.089208 -0.007417 -0.088326
-0.050675 0.121673 0.145924 -0.094952 0.124997 0.076015 -0.140647 0.045323 -0.061960 0.074222 -0.026458 -0.130410 0.033778 -0.014007 -0.024722 0.104834 -0.030100 -0.046048 0.069993 -0.018630 0.033718 0.045656 -0.018510 0.231889 -0.092000 0.019586 0.088109 -0.104447 0.041502 -0.193238 1.000000 -0.100172 -0.107687 -0.083528 -0.147168 0.139813 0.095707 0.121909 0.067892 -0.075938 -0.137767 0.046447 -0.093888 0.079432 -0.077816 0.102803 -0.105044 0.024586
-0.057858 0.085390 0.120114 0.150999 -0.048842 0.141161 0.151700 0.014112 0.066118 -0.117561 -0.000782 -0.101797 -0.053124 0.164613 0.031325 0.057610 -0.019392 -0.159078 0.118924 -0.086121 0.024469 -0.047997 -0.120524 0.079051 0.118869 0.052270 -0.217650 0.050796 -0.014506 -0.173235 -0.100172 1.000000 0.114558 0.068619 -0.051294 0.064731 0.006797 0.008397 -0.012068 0.183056 -0.016769 -0.006953 -0.019588 0.009330 -0.155212 0.137928 -0.227715 -0.119046
-0.104578 -0.006965 -0.073975 -0.115050 0.139117 0.094038 0.056784 0.051229 -0.040387 0.017837 -0.023876 0.065306 0.032012 -0.025168 -0.125745 0.065762 -0.028419 0.188629 -0.040235 0.086539 -0.097866 -0.082764 -0.056815 0.056327 0.003795 -0.099651 -0.141518 0.064978 0.042027 -0.098665 -0.107687 0.114558 1.000000 0.041363 0.121237 -0.085880 0.058237 -0.049036 0.135188 -0.059959 0.018653 -0.015571 -0.064727 0.101488 0.128578 0.098676 -0.042705 0.019617
-0.115221 0.065873 0.212310 -0.075671 -0.084466 -0.042130 -0.135458 0.055638 -0.264149 0.071479 -0.010628 0.020643 0.037752 0.025212 0.213810 0.116396 0.154579 -0.180362 -0.028905 0.112213 0.177104 0.145801 0.038977 -0.098341 0.027476 -0.068314 0.096649 0.030994 -0.024758 0.037281 -0.083528 0.068619 0.041363 1.000000 -0.045997 -0.128924 -0.161863 0.032129 0.136423 0.068175 -0.036954 0.076278 -0.058786 0.052002 0.011222 -0.116153 -0.082761 -0.058468
0.028613 -0.040688 -0.003799 0.046330 0.040100 -0.020520 -0.005410 0.119184 -0.179710 0.000273 0.112989 0.075176 0.100232 -0.161987 -0.043308 -0.055814 0.049829 -0.080176 0.094823 -0.133537 -0.040615 -0.051549 0.012756 -0.069519 -0.117549 -0.119999 0.062706 -0.023886 -0.073479 -0.105336 -0.147168 -0.051294 0.121237 -0.045997 1.000000 0.001525 0.068725 0.109330 0.079520 -0.031386 -0.108305 -0.035211 -0.037591 -0.104604 0.031576 0.005477 -0.147716 0.070963
0.049001 0.072944 -0.033980 -0.002944 -0.035516 0.093612 -0.111318 0.220217 0.206202 -0.091052 -0.114811 -0.103215 0.052989 -0.143619 0.219636 0.182405 0.019956 -0.082613 -0.142986 -0.003474 -0.051426 0.071067 -0.059890 0.047574 -0.113215 0.029383 0.011677 -0.233444 0.017798 0.036060 0.139813 0.064731 -0.085880 -0.128924 0.001525 1.000000 0.066449 0.088547 0.321108 -0.195072 -0.179443 0.281482 -0.084656 0.047638 0.024966 0.025555 -0.078858 0.081212
-0.004778 0.028570 0.059276 -0.126414 0.198386 0.047081 -0.299598 -0.121349 -0.038143 -0.069523 -0.120124 0.038160 0.227394 0.073380 0.027083 0.006782 -0.238363 -0.008816 -0.084118 0.001919 0.192770 -0.184235 -0.121517 0.189420 0.067923 0.187136 0.087533 -0.093418 -0.077122 0.105142 0.095707 0.006797 0.058237 -0.161863 0.068725 0.066449 1.000000 -0.077150 0.023289 0.001713 -0.051264 0.041994 0.051387 0.023705 -0.086610 0.060191 -0.026769 -0.032854
-0.085445 -0.018843 0.023479 0.053230 -0.180550 0.116783 0.021688 0.001397 -0.220554 0.058254 0.006172 -0.040857 0.070164 -0.065642 0.083220 -0.068946 0.012816 0.043924 -0.049605 -0.091478 -0.083894 -0.087730 0.016685 -0.005048 0.082855 0.114980 0.097015 0.010472 -0.091628 0.146664 0.121909 0.008397 -0.049036 0.032129 0.109330 0.088547 -0.077150 1.000000 0.028059 0.098020 -0.123723 -0.061180 0.005280 -0.031967 -0.008576 0.019485 0.152764 0.126983
0.068168 0.164941 -0.131563 0.170750 -0.093515 0.086897 -0.161829 0.061670 -0.188461 0.234510 -0.019596 0.012474 0.111246 -0.002595 0.087131 -0.000422 0.050817 0.083993 0.067345 0.004692 0.168426 -0.039873 0.092867 -0.126922 -0.046947 0.135523 -0.035382 0.042552 0.048874 -0.102706 0.067892 -0.012068 0.135188 0.136423 0.079520 0.321108 0.023289 0.028059 1.000000 0.080736 -0.056884 0.142757 0.047795 0.057352 0.201749 -0.059015 -0.028951 0.027402
-0.024005 -0.035524 0.003259 0.040680 -0.011992 -0.229770 0.049609 -0.156033 -0.130562 0.147691 0.024754 0.075256 -0.121609 -0.153024 0.152254 -0.163116 -0.046405 0.096162 0.256773 0.020786 0.000904 0.026559 -0.017522 -0.023936 -0.049653 0.048300 0.003866 -0.044002 -0.091159 0.057312 -0.075938 0.183056 -0.059959 0.068175 -0.031386 -0.195072 0.001713 0.098020 0.080736 1.000000 -0.033514 0.028091 -0.109130 0.064499 -0.001272 -0.050627 -0.121513 0.046746
0.059638 0.153343 -0.016747 0.108341 -0.004632 -0.116183 -0.066801 0.100165 0.077528 -0.084998 -0.054688 -0.047913 -0.034474 0.129235 0.028108 -0.180748 0.155002 -0.019657 -0.030308 -0.036732 0.051059 0.019901 -0.014275 -0.129138 0.055684 -0.103928 0.050173 -0.066604 -0.060578 0.023078 -0.137767 -0.016769 0.018653 -0.036954 -0.108305 -0.179443 -0.051264 -0.123723 -0.056884 -0.033514 1.000000 -0.009291 -0.054002 0.049618 0.067423 -0.029017 -0.097324 -0.073697
0.001998 0.008663 0.111828 -0.136514 0.142292 0.018462 0.041211 -0.075471 -0.075514 0.119066 -0.152302 0.021406 -0.025244 0.037499 -0.030605 -0.060546 0.054102 0.060223 -0.015001 0.054514 0.202525 0.127438 0.184284 -0.036070 0.004666 0.021967 0.082221 -0.086737 0.035801 0.005705 0.046447 -0.006953 -0.015571 0.076278 -0.035211 0.281482 0.041994 -0.061180 0.142757 0.028091 -0.009291 1.000000 -0.141330 0.017329 0.009246 -0.130859 0.003070 0.056141
-0.154622 -0.044168 -0.010792 0.031576 -0.006441 -0.099217 0.033242 -0.114039 0.067241 -0.057887 -0.008926 0.022084 -0.174771 0.101570 0.079153 -0.047391 0.102107 -0.016212 0.266725 -0.092676 0.168038 -0.020000 0.066440 -0.104682 -0.085620 -0.100354 0.022141 0.025212 -0.084909 -0.057788 -0.093888 -0.019588 -0.064727 -0.058786 -0.037591 -0.084656 0.051387 0.005280 0.047795 -0.109130 -0.054002 -0.141330 1.000000 0.057622 -0.031235 -0.085168 -0.040109 0.073659
-0.113135 -0.027982 0.112357 0.031805 0.055804 0.114680 0.034768 -0.115823 0.024090 0.032646 0.143911 -0.006045 -0.088899 0.014811 0.130679 0.060103 -0.096429 -0.005614 -0.029937 0.165592 -0.058821 0.078506 0.091767 0.161011 0.146705 -0.011226 -0.059268 -0.186949 0.122337 0.095065 0.079432 0.009330 0.101488 0.052002 -0.104604 0.047638 0.023705 -0.031967 0.057352 0.064499 0.049618 0.017329 0.057622 1.000000 -0.127733 0.174222 0.071782 -0.145761
0.058396 0.060625 -0.127802 -0.149429 -0.113320 -0.186542 0.088155 -0.143722 -0.074056 -0.005585 -0.096932 -0.096505 -0.116537 -0.194984 -0.004622 0.049189 -0.127560 -0.012148 0.004751 -0.160032 -0.168114 0.112871 0.006387 -0.123791 0.060425 0.024189 -0.049261 -0.103712 -0.101101 -0.084845 -0.077816 -0.155212 0.128578 0.011222 0.031576 0.024966 -0.086610 -0.008576 0.201749 -0.001272 0.067423 0.009246 -0.031235 -0.127733 1.000000 -0.045407 0.226538 0.037474
-0.123365 0.103684 -0.015411 -0.057140 -0.071789 0.011557 0.042316 0.049364 -0.103074 -0.084568 0.068887 -0.009817 0.007445 -0.073764 0.014089 -0.133513 -0.180632 0.116339 0.116332 0.087149 0.079278 0.033415 -0.082993 -0.059504 -0.029439 -0.126733 -0.006037 0.112330 0.094405 0.089208 0.102803 0.137928 0.098676 -0.116153 0.005477 0.025555 0.060191 0.019485 -0.059015 -0.050627 -0.029017 -0.130859 -0.085168 0.174222 -0.045407 1.000000 -0.102730 -0.131669
0.051500 -0.056063 0.173764 -0.072380 0.084311 0.052844 -0.307348 -0.055851 0.112623 -0.014732 0.118189 -0.004102 0.042575 0.089895 -0.240666 -0.187474 0.015219 -0.003866 -0.099839 0.006138 -0.121502 -0.102257 0.054467 -0.060410 0.024643 -0.007503 0.001066 0.089832 -0.241340 -0.007417 -0.105044 -0.227715 -0.042705 -0.082761 -0.147716 -0.078858 -0.026769 0.152764 -0.028951 -0.121513 -0.097324 0.003070 -0.040109 0.071782 0.226538 -0.102730 1.000000 0.021672
-0.043469 0.004575 0.219732 0.010542 0.002108 -0.119909 0.109087 0.160395 0.013506 -0.080198 0.125431 -0.130739 -0.019032 0.052614 0.085943 0.052607 -0.039665 0.039932 -0.053564 0.048640 -0.022915 0.002620 0.028305 -0.004996 0.112955 0.075435 -0.040980 0.029292 -0.105521 -0.088326 0.024586 -0.119046 0.019617 -0.058468 0.070963 0.081212 -0.032854 0.126983 0.027402 0.046746 -0.073697 0.056141 0.073659 -0.145761 0.037474 -0.131669 0.021672 1.000000
